%YAML:1.0

cam0:
  T_imu_cam:
       -  [0.99999212, -0.00372248,  0.00138305, -0.10666905]
       -  [-0.00374066, -0.99990349,  0.01337998, -0.00808748]
       -  [ 0.00133311, -0.01338505, -0.99990953, -0.0024376]
       -  [ 0.0, 0.0, 0.0, 1.0]
  cam_overlaps: [1]
  camera_model: pinhole
  intrinsics: [285.6352027109296, 285.391827763297, 314.2296103457281, 193.42294029534057] #fu, fv, cu, cv
  distortion_model: equidistant
  distortion_coeffs: [-0.011494553620499224, 0.023982636197800423, -0.016329173711487028, 0.004297489376905538]
  resolution: [640, 400]
  rostopic: /usb_cam_1/image_raw
cam1:
  T_imu_cam:
        - [ 0.99995881, -0.00036376,  0.00906864,  0.03268462 ]
        - [ -0.00037905, -0.99999851,  0.00168494, -0.01079168 ]
        - [  0.00906801, -0.00168831, -0.99995746, -0.00147221 ]
        - [  0, 0, 0, 1]
  cam_overlaps: [0]
  camera_model: pinhole
  intrinsics: [286.9315752119936, 286.7583505265362, 322.2003822014502, 199.32307104207385] #fu, fv, cu, cv
  distortion_model: equidistant
  distortion_coeffs: [-0.014183529801539883, 0.03672454437369555, -0.03686068632012081, 0.013040554150743653]
  resolution: [640, 400]
  rostopic: /usb_cam_1/image_raw